# cornell box

render {
	camera [-1.9 0 1]
	look_at [0 0 1]
	samples 25
	width 400
	height 400
}

material {
	color [0.725 0.71 0.68]
	ior 1.5
	roughness 1
	metallic 0
}

triangle_mesh {
	vertices [
		-0.99 -1 0 1.04 0.99 -0 -0.99 1.01 0
		-0.99 -1 0 1.04 -1 -0 1.04 0.99 -0
		1.04 1.02 1.99 -0.99 -1 1.99 -0.99 1.02 1.99
		1.04 1.02 1.99 1.04 -1 1.99 -0.99 -1 1.99
		1.04 0.99 -0 1.04 -1 1.99 1.04 1.02 1.99
		1.04 0.99 -0 1.04 -1 -0 1.04 -1 1.99
#		-0.75 -0.53 0.6 0 -0.13 0.6 -0.57 0.05 0.6
#		-0.57 0.05 0.6 -0 -0.13 0 -0.57 0.05 0
#		-0.75 -0.53 0.6 -0.57 0.05 0 -0.75 -0.53 0
#		-0.17 -0.7 0.6 -0.75 -0.53 0 -0.17 -0.7 0
#		0 -0.13 0.6 -0.17 -0.7 0 -0 -0.13 0
#		-0.75 -0.53 0.6 -0.17 -0.7 0.6 0 -0.13 0.6
#		-0.57 0.05 0.6 0 -0.13 0.6 -0 -0.13 0
#		-0.75 -0.53 0.6 -0.57 0.05 0.6 -0.57 0.05 0
#		-0.17 -0.7 0.6 -0.75 -0.53 0.6 -0.75 -0.53 0
#		0 -0.13 0.6 -0.17 -0.7 0.6 -0.17 -0.7 0
		0.09 -0.04 1.2 0.49 0.71 1.2 -0.09 0.53 1.2
		-0.09 0.53 1.2 0.49 0.71 -0 -0.09 0.53 0
		0.49 0.71 1.2 0.67 0.14 -0 0.49 0.71 -0
		0.67 0.14 1.2 0.09 -0.04 -0 0.67 0.14 -0
		0.09 -0.04 1.2 -0.09 0.53 0 0.09 -0.04 -0
		0.09 -0.04 1.2 0.67 0.14 1.2 0.49 0.71 1.2
		-0.09 0.53 1.2 0.49 0.71 1.2 0.49 0.71 -0
		0.49 0.71 1.2 0.67 0.14 1.2 0.67 0.14 -0
		0.67 0.14 1.2 0.09 -0.04 1.2 0.09 -0.04 -0
		0.09 -0.04 1.2 -0.09 0.53 1.2 -0.09 0.53 0
	]
}

material {
	color [0.63 0.065 0.05]
	ior 1.5
	roughness .1
	metallic 0
}

sphere {
	center [-.4 -.5 .3]
	radius .3
}

material {
	color [0.14 0.45 0.091]
	ior 1.5
	roughness 1
	metallic 0
}

triangle_mesh {
	vertices [
		-0.99 -1 0 1.04 -1 1.99 1.04 -1 -0
		-0.99 -1 0 -0.99 -1 1.99 1.04 -1 1.99
	]
}

material {
	color [0.63 0.065 0.05]
	ior 1.5
	roughness 1
	metallic 0
}


triangle_mesh {
	vertices [
		-0.99 1.01 0 1.04 1.02 1.99 -0.99 1.02 1.99
		-0.99 1.01 0 1.04 0.99 -0 1.04 1.02 1.99
	]
}

material {
	color [0 0 0]
	ior 1.5
	roughness 1
	metallic 0
}

area_light {
	color [17 12 4]
}

triangle_mesh {
	vertices [
		0.22 0.24 1.98 -0.16 -0.23 1.98 -0.16 0.24 1.98
		0.22 0.24 1.98 0.22 -0.23 1.98 -0.16 -0.23 1.98
	]
}
